ONE FRAGMENT (MOLECULE OR SOLID) WAS DETECTED.
Coordinates (au):
R: 2.91838300064: 0 1: 0 0 0 0 0 0
R: 2.09198408496: 0 3: 0 0 0 0 0 0
R: 2.09476371939: 0 6: 0 0 0 0 0 0
R: 2.09283489318: 0 7: 0 0 0 0 0 0
R: 2.09696819101: 1 4: 0 0 0 0 0 0
R: 2.09486511011: 1 8: 0 0 0 0 0 0
R: 2.89300012568: 1 2: 0 0 0 1 0 0
R: 2.09389395958: 2 5: 0 0 0 0 0 0
R: 2.09412355062: 2 9: 0 0 0 0 0 0
R: 2.09370877686: 2 10: 0 0 0 0 0 0
A: 1.95713823509: 1 0 3: 0 0 0 0 0 0 0 0 0
A: 1.93408571908: 1 0 6: 0 0 0 0 0 0 0 0 0
A: 1.86437133609: 3 0 6: 0 0 0 0 0 0 0 0 0
A: 1.96024168106: 1 0 7: 0 0 0 0 0 0 0 0 0
A: 1.8750645603: 3 0 7: 0 0 0 0 0 0 0 0 0
A: 1.86778238799: 6 0 7: 0 0 0 0 0 0 0 0 0
A: 1.91874507821: 0 1 4: 0 0 0 0 0 0 0 0 0
A: 1.91495736474: 0 1 8: 0 0 0 0 0 0 0 0 0
A: 1.84191178877: 4 1 8: 0 0 0 0 0 0 0 0 0
A: 1.97316238429: 0 1 2: 0 0 0 0 0 0 1 0 0
A: 1.90441880969: 2 1 4: 1 0 0 0 0 0 0 0 0
A: 1.90598188475: 2 1 8: 1 0 0 0 0 0 0 0 0
A: 1.93581225087: 1 2 5: -1 0 0 0 0 0 0 0 0
A: 1.9348550019: 1 2 9: -1 0 0 0 0 0 0 0 0
A: 1.87852922422: 5 2 9: 0 0 0 0 0 0 0 0 0
A: 1.94628354813: 1 2 10: -1 0 0 0 0 0 0 0 0
A: 1.8812725381: 5 2 10: 0 0 0 0 0 0 0 0 0
A: 1.88450546976: 9 2 10: 0 0 0 0 0 0 0 0 0
T: -2.09520727153: 3 0 1 4: 0 0 0 0 0 0 0 0 0 0 0 0
T: -0.0770063243153: 3 0 1 8: 0 0 0 0 0 0 0 0 0 0 0 0
T: 2.05511151955: 3 0 1 2: 0 0 0 0 0 0 0 0 0 1 0 0
T: 2.10639920617: 6 0 1 4: 0 0 0 0 0 0 0 0 0 0 0 0
T: -2.1585851538: 6 0 1 8: 0 0 0 0 0 0 0 0 0 0 0 0
T: -0.0264673099325: 6 0 1 2: 0 0 0 0 0 0 0 0 0 1 0 0
T: 0.0184184597361: 7 0 1 4: 0 0 0 0 0 0 0 0 0 0 0 0
T: 2.03661940695: 7 0 1 8: 0 0 0 0 0 0 0 0 0 0 0 0
T: -2.11444805637: 7 0 1 2: 0 0 0 0 0 0 0 0 0 1 0 0
T: 1.07392539811: 0 1 2 5: 0 0 0 0 0 0 1 0 0 1 0 0
T: -1.01196517415: 0 1 2 9: 0 0 0 0 0 0 1 0 0 1 0 0
T: -3.11233640162: 0 1 2 10: 0 0 0 0 0 0 1 0 0 1 0 0
T: -1.06693636207: 4 1 2 5: 0 0 0 0 0 0 1 0 0 1 0 0
T: 3.13035837285: 4 1 2 9: 0 0 0 0 0 0 1 0 0 1 0 0
T: 1.02998714539: 4 1 2 10: 0 0 0 0 0 0 1 0 0 1 0 0
T: -3.07212595281: 8 1 2 5: 0 0 0 0 0 0 1 0 0 1 0 0
T: 1.12516878211: 8 1 2 9: 0 0 0 0 0 0 1 0 0 1 0 0
T: -0.975202445355: 8 1 2 10: 0 0 0 0 0 0 1 0 0 1 0 0

Bmatrix:
46 42
0 0 -0.676365090586
0 1 -0.226103412799
0 2 0.701004644034
0 3 0.676365090586
0 4 0.226103412799
0 5 -0.701004644034
0 33 0.0467459397136
0 34 0.0156267918774
0 35 -0.0484488647996
0 36 -0.0244871051886
0 37 -0.0081858424241
0 38 0.0253791549786
0 39 -0.0792086638808
0 40 -0.0264788196138
0 41 0.0820941855234
1 0 0.712323248814
1 1 -0.697800276485
1 2 -0.0753018149626
1 9 -0.712323248814
1 10 0.697800276485
1 11 0.0753018149626
1 33 0.000167191594914
1 34 -0.000163782863119
1 35 -1.76743221066e-05
1 36 -0.0578950838073
1 37 0.0567147086033
1 38 0.00612026196725
1 39 -0.00642346349893
1 40 0.0062925007895
1 41 0.000679043482885
2 0 -0.430929856657
2 1 0.0718689512427
2 2 -0.899518933924
2 18 0.430929856657
2 19 -0.0718689512427
2 20 0.899518933924
2 33 0.0129738433874
2 34 -0.00216373152947
2 35 0.0270814787893
2 36 -0.0125050340282
2 37 0.00208554516931
2 38 -0.0261028905377
2 39 0.0464815132981
2 40 -0.00775202172998
2 41 0.0970250741348
3 0 0.453662866466
3 1 0.873263715161
3 2 0.177765259184
3 21 -0.453662866466
3 22 -0.873263715161
3 23 -0.177765259184
3 33 0.0378796414423
3 34 0.0729151950932
3 35 0.01484292583
3 36 0.0109762419005
3 37 0.0211283631283
3 38 0.00430097905412
3 39 0.00966147449735
3 40 0.0185975439851
3 41 0.00378579479406
4 3 -0.0183994000615
4 4 0.714713998138
4 5 0.699174772816
4 12 0.0183994000615
4 13 -0.714713998138
4 14 -0.699174772816
4 33 -0.000905973884323
4 34 0.0351920288112
4 35 0.0344268879763
4 36 -0.000779319820242
4 37 0.0302722253275
4 38 0.029614050265
4 39 -0.00154422143483
4 40 0.0599843838392
4 41 0.0586802106193
5 3 0.274893787243
5 4 -0.8346045936
5 5 0.477355819151
5 24 -0.274893787243
5 25 0.8346045936
5 26 -0.477355819151
5 33 -0.00835506589618
5 34 0.0253668023811
5 35 -0.0145086557428
5 36 -0.0176034059961
5 37 0.0534456731625
5 38 -0.0305684911013
5 39 0.0157358979634
5 40 -0.0477757349717
5 41 0.0273255446685
6 3 -0.921439594036
6 4 -0.120602186594
6 5 -0.369329374856
6 6 0.921439594036
6 7 0.120602186594
6 8 0.369329374856
6 33 0.0860925719117
6 34 0.0112681856622
6 35 0.0345074337697
6 36 -0.0588177861341
6 37 -0.00769833819201
6 38 -0.0235752146141
6 39 0.0563582494058
6 40 0.00737642288756
6 41 0.0225893885565
7 6 -0.326201593566
7 7 0.842896773118
7 8 -0.427922364715
7 15 0.326201593566
7 16 -0.842896773118
7 17 0.427922364715
7 33 -0.00918487113475
7 34 0.0237334776828
7 35 -0.0120490268996
7 36 -0.02200092088
7 37 0.0568498302313
7 38 -0.0288615576214
7 39 0.0167314688254
7 40 -0.0432336976908
7 41 0.0219489108765
8 6 -0.013496164236
8 7 -0.717920440247
8 8 -0.695994321116
8 27 0.013496164236
8 28 0.717920440247
8 29 0.695994321116
8 33 0.000692533345581
8 34 0.0368388999758
8 35 0.0357137974377
8 36 0.000548524502186
8 37 0.029178435088
8 38 0.028287291992
8 39 0.00112602147403
8 40 0.0598980434909
8 41 0.0580686880865
9 6 -0.651836531625
9 7 -0.251500243711
9 8 0.715441656218
9 30 0.651836531625
9 31 0.251500243711
9 32 -0.715441656218
9 33 0.0322724986071
9 34 0.0124518048177
9 35 -0.0354215953442
9 36 -0.0150532028191
9 37 -0.00580802700361
9 38 0.016522069313
9 39 -0.0558930120988
9 40 -0.0215653856182
9 41 0.0613469592557
10 0 0.0413015379767
10 1 0.542014768859
10 2 -0.416967343217
10 3 0.16922674558
10 4 -0.289646918196
10 5 0.069855323798
10 9 -0.210528283557
10 10 -0.252367850662
10 11 0.347112019419
10 33 0.0117452616784
10 34 -0.0199592701156
10 35 0.00474647222495
10 36 -0.0232376662293
10 37 -0.0100251855788
10 38 0.0256829819711
10 39 -0.0217164960986
10 40 0.0316445985933
10 41 -0.00505058448898
11 0 0.669712461872
11 1 0.105538662038
11 2 0.0436647437092
11 3 -0.246077416184
11 4 -0.00310754130304
11 5 -0.238430374186
11 18 -0.423635045687
11 19 -0.102431120735
11 20 0.194765630476
11 33 -0.0297614858526
11 34 -0.00329862825947
11 35 -0.0106150152719
11 36 0.0212023286852
11 37 0.00308492564126
11 38 0.00298027760355
11 39 -0.016876709161
11 40 -0.0106846358802
11 41 0.0489304840505
12 0 -0.180796943104
12 1 0.402582171404
12 2 0.627454738411
12 9 -0.112261081342
12 10 -0.0649483722337
12 11 -0.460084343149
12 18 0.293058024446
12 19 -0.33763379917
12 20 -0.167370395262
12 33 0.0088493370495
12 34 -0.0101497697822
12 35 -0.00493096982487
12 36 -0.0176283483943
12 37 0.00451893040003
12 38 -0.0325371333837
12 39 0.0305978752289
12 40 -0.037003973359
12 41 -0.0222019897398
13 0 0.187459839647
13 1 -0.346118237049
13 2 -0.561349606624
13 3 0.0729164308331
13 4 0.291652015631
13 5 0.164423510472
13 21 -0.26037627048
13 22 0.0544662214181
13 23 0.396926096152
13 33 0.0267802330127
13 34 0.0156092989319
13 35 -0.0217783925082
13 36 0.00365986391206
13 37 -0.0118767569181
13 38 -0.0155562968949
13 39 -0.00299406642561
13 40 -0.035315117777
13 41 -0.0277087019184
14 0 -0.7590416461
14 1 -0.114339236152
14 2 -0.0667220292855
14 9 0.334222235195
14 10 0.3327866603
14 11 0.0777623332841
14 21 0.424819410905
14 22 -0.218447424149
14 23 -0.0110403039985
14 33 -0.0355497360361
14 34 0.0181616688983
14 35 0.000903584150355
14 36 0.0168860040517
14 37 0.0323329807691
14 38 0.00658736105216
14 39 -0.00603331651716
14 40 0.00765313150283
14 41 0.00093635239982
15 0 -0.0145331497602
15 1 -0.610075123726
15 2 0.466160778063
15 18 0.163527605142
15 19 0.446464417121
15 20 -0.0426694720592
15 21 -0.148994455382
15 22 0.163610706605
15 23 -0.423491306004
15 33 0.0173639045229
15 34 -0.000219521810847
15 35 0.0340757627039
15 36 -0.00114048445925
15 37 -0.0169143408776
15 38 0.0114844632966
15 39 0.020811700579
15 40 0.0446727711264
15 41 0.0044164532251
16 0 0.0773541927152
16 1 0.288612938168
16 2 0.167725059829
16 3 -0.41727687097
16 4 -0.526931955315
16 5 0.0669452552484
16 12 0.339922678255
16 13 0.238319017147
16 14 -0.234670315077
16 33 -0.022083777192
16 34 -0.0316817077353
16 35 -3.70552835474e-05
16 36 -0.0115971401688
16 37 0.000354762409256
16 38 0.0160119439035
16 39 -0.0194700696481
16 40 0.01379767411
16 41 0.0393375363667
17 0 0.183130372428
17 1 -0.276027629168
17 2 0.0876630454275
17 3 -0.573144802587
17 4 0.304170371524
17 5 0.186138174939
17 24 0.390014430159
17 25 -0.0281427423562
17 26 -0.273801220367
17 33 -0.000802756539077
17 34 0.0182218630138
17 35 -0.0143805560715
17 36 0.0316054477568
17 37 -0.0117954776557
17 38 -0.0143596904102
17 39 -0.000879537391671
17 40 -0.0307144205843
17 41 0.0259395162326
18 3 -0.160980592332
18 4 0.0749886385093
18 5 -0.738697311264
18 12 0.133622097986
18 13 -0.318357088722
18 14 0.328948988287
18 24 0.0273584943463
18 25 0.243368450212
18 26 0.409748322977
18 33 -0.00574793226699
18 34 0.0230725766839
18 35 -0.00374341612403
18 36 -0.00390770090392
18 37 0.0290688576736
18 38 0.0123062309258
18 39 -0.0127807081587
18 40 0.0127877391185
18 41 -0.0510634208217
19 0 -0.244506896632
19 1 -0.0119393466101
19 2 -0.2397636845
19 3 0.12597282803
19 4 -0.0552578489768
19 5 0.557437069725
19 6 0.118534068603
19 7 0.0671971955868
19 8 -0.317673385225
19 33 0.0279736763941
19 34 0.00710358385542
19 35 -0.0131101754717
19 36 -0.016418446768
19 37 -0.00472161630739
19 38 0.011597485468
19 39 -0.0213841092609
19 40 0.00271179063583
19 41 -0.0475085047417
20 3 0.585216607236
20 4 -0.304273960182
20 5 -0.140689330039
20 6 -0.11711829396
20 7 0.247018081082
20 8 0.211536145926
20 12 -0.468098313276
20 13 0.0572558791001
20 14 -0.0708468158872
20 33 0.0121061648011
20 34 0.0202603212845
20 35 0.0232528380977
20 36 0.0273025932998
20 37 -0.0181928937814
20 38 -0.0105021116533
20 39 0.0321231317364
20 40 0.0103030703034
20 41 0.0188842586992
21 3 0.430393685878
21 4 0.519751954165
21 5 -0.0229404911276
21 6 -0.0103252513667
21 7 -0.320012874752
21 8 0.13025865565
21 24 -0.420068434511
21 25 -0.199739079413
21 26 -0.107318164523
21 33 -0.013732190538
21 34 -0.0359704899153
21 35 0.00890860897817
21 36 -0.0262408855371
21 37 0.00763650440872
21 38 -0.0151870806884
21 39 0.0234146850122
21 40 -0.00813925542061
21 41 0.0141103173984
22 3 0.00100626188304
22 4 0.327836817234
22 5 -0.109563574685
22 6 -0.41257082163
22 7 -0.543326672932
22 8 -0.00116372697097
22 15 0.411564559747
22 16 0.215489855698
22 17 0.110727301656
22 33 -0.0116824572859
22 34 -0.036698229223
22 35 0.00711906555426
22 36 -0.0276940605037
22 37 0.00639275985735
22 38 -0.0144618052937
22 39 0.0210483432618
22 40 -0.00899870461469
22 41 0.0123806686637
23 3 0.116372609675
23 4 -0.249678139424
23 5 -0.208807113398
23 6 -0.584790263394
23 7 0.318679854852
23 8 0.146714795945
23 27 0.468417653718
23 28 -0.0690017154279
23 29 0.062092317453
23 33 0.0131630722041
23 34 0.0197873891235
23 35 0.0226955730475
23 36 0.026466248954
23 37 -0.0187420142096
23 38 -0.0108050609417
23 39 0.0319636232135
23 40 0.00951412925246
23 41 0.0179518536878
24 6 0.221773625766
24 7 -0.081563828339
24 8 0.733780388049
24 15 -0.0562769410564
24 16 -0.231822297128
24 17 -0.413730744011
24 27 -0.165496684709
24 28 0.313386125467
24 29 -0.320049644038
24 33 -0.00690759660131
24 34 0.0226083202614
24 35 -0.00477338525698
24 36 -0.00293063834042
24 37 0.0283723855816
24 38 0.0148966174042
24 39 -0.0166943818242
24 40 0.0142560675316
24 41 -0.0479236041954
25 3 -0.116636660077
25 4 -0.0770116163351
25 5 0.31614437947
25 6 -0.233697531189
25 7 0.0624464704327
25 8 -0.640452811712
25 30 0.350334191266
25 31 0.0145651459024
25 32 0.324308432242
25 33 0.0282427603539
25 34 0.00791652378498
25 35 -0.0134816707808
25 36 -0.0155356599283
25 37 -0.00525220398702
25 38 0.0126908591071
25 39 -0.0229062194898
25 40 0.00346136427703
25 41 -0.0471448885462
26 6 0.640434943727
26 7 -0.38727575948
26 8 -0.188256073957
26 15 -0.376919547786
26 16 0.00301684633426
26 17 0.293264988049
26 30 -0.263515395941
26 31 0.384258913146
26 32 -0.105008914092
26 33 -0.00243373775848
26 34 0.0189397557294
26 35 -0.0134564767581
26 36 0.0315071320712
26 37 -0.00907736612348
26 38 -0.0173544599188
26 39 0.00326276431084
26 40 -0.032794300699
26 41 0.0240462877916
27 6 0.437110464914
27 7 0.636938293013
27 8 -0.0127286295051
27 27 -0.329330992917
27 28 -0.237480562039
27 29 0.251348106601
27 30 -0.107779471997
27 31 -0.399457730974
27 32 -0.238619477095
27 33 -0.0222352487509
27 34 -0.0319631185948
27 35 0.0010834357279
27 36 -0.0108959892225
27 37 -0.000427033868914
27 38 0.0157261039243
27 39 -0.0182352112975
27 40 0.0144386474721
27 41 0.0414315509647
28 0 0.27103714091
28 1 0.378106388226
28 2 0.383465655228
28 3 0.366629156943
28 4 -0.376513097755
28 5 0.232301266429
28 9 -0.282004119604
28 10 -0.249815815865
28 11 -0.352668063677
28 12 -0.355662178249
28 13 0.248222525394
28 14 -0.26309885798
28 33 0.0183367186209
28 34 -0.0210302793379
28 35 0.0109090552905
28 36 -0.00825300628907
28 37 -0.0261731500769
28 38 -0.0164048612235
28 39 0.0260226065385
28 40 -0.00806149603448
28 41 0.0225077693812
29 0 0.4204241688
29 1 0.384556691709
29 2 0.529682384539
29 3 -0.395441966663
29 4 -0.412469088271
29 5 -0.514581198864
29 9 -0.282004119604
29 10 -0.249815815865
29 11 -0.352668063677
29 24 0.257021917468
29 25 0.277728212427
29 26 0.337566878002
29 33 -0.00168862820817
29 34 -0.000812559859987
29 35 -0.00189135940784
29 36 -0.00144998634048
29 37 0.00235893452461
29 38 -0.000638165523934
29 39 -0.00104557632384
29 40 -0.00237148178385
29 41 -0.00177372783517
30 0 0.384807857685
30 1 0.175330232121
30 2 0.427833635517
30 3 -0.171413087586
30 4 0.440186492861
30 5 -0.0234094885795
30 6 0.0686093495044
30 7 -0.365700909117
30 8 -0.0517560832602
30 9 -0.282004119604
30 10 -0.249815815865
30 11 -0.352668063677
30 33 -0.000628577722584
30 34 -0.0289618241407
30 35 -0.00994788745941
30 36 -0.0235778871516
30 37 0.000342791085795
30 38 -0.0226385854642
30 39 0.0136926413358
30 40 -0.033343161905
30 41 0.00245679099545
31 0 0.0177827639487
31 1 -0.563537692093
31 2 -0.16460683343
31 3 0.421476689024
31 4 -0.182151032407
31 5 0.347910888972
31 12 -0.355662178249
31 13 0.248222525394
31 14 -0.26309885798
31 18 -0.0835972747234
31 19 0.497466199106
31 20 0.0797948024382
31 33 0.01954440017
31 34 0.00732115083558
31 35 0.0212188140373
31 36 0.0151074665082
31 37 -0.0273415279716
31 38 0.00575766537661
31 39 0.0131253786064
31 40 0.0250879798229
31 41 0.0207559619928
32 0 0.167169791839
32 1 -0.55708738861
32 2 -0.0183901041191
32 3 -0.340594434583
32 4 -0.218107022923
32 5 -0.398971576321
32 18 -0.0835972747234
32 19 0.497466199106
32 20 0.0797948024382
32 24 0.257021917468
32 25 0.277728212427
32 26 0.337566878002
32 33 -0.000480946659064
32 34 0.0275388703135
32 35 0.00841839933889
32 36 0.0219104864568
32 37 0.00119055662986
32 38 0.0215243610762
32 39 -0.0139428042559
32 40 0.0307779940736
32 41 -0.00352553522362
33 0 0.131553480724
33 1 -0.766313848198
33 2 -0.120238853142
33 3 -0.116565555505
33 4 0.634548558209
33 5 0.0922001339636
33 6 0.0686093495044
33 7 -0.365700909117
33 8 -0.0517560832602
33 18 -0.0835972747234
33 19 0.497466199106
33 20 0.0797948024382
33 33 0.000579103826522
33 34 -0.000610393967172
33 35 0.000361871287322
33 36 -0.000217414354404
33 37 -0.000825586808956
33 38 -0.000476058864115
33 39 0.000795413403719
33 40 -0.000193686047635
33 41 0.000704983607005
34 0 -0.55051336229
34 1 0.372111832955
34 2 -0.411141733843
34 3 0.541964375705
34 4 -0.375656329806
34 5 0.401749985905
34 12 -0.355662178249
34 13 0.248222525394
34 14 -0.26309885798
34 21 0.364211164834
34 22 -0.244678028543
34 23 0.272490605919
34 33 -2.21082430868e-05
34 34 -0.000599736262001
34 35 -0.00021477127254
34 36 -0.000492536728502
34 37 1.98809460253e-05
34 38 -0.000468812157011
34 39 0.000275765632779
34 40 -0.000698277395991
34 41 4.08490088115e-05
35 0 -0.4011263344
35 1 0.378562136438
35 2 -0.264925004533
35 3 -0.220106747902
35 4 -0.411612320321
35 5 -0.345132479388
35 21 0.364211164834
35 22 -0.244678028543
35 23 0.272490605919
35 24 0.257021917468
35 25 0.277728212427
35 26 0.337566878002
35 33 -0.0200474550722
35 34 0.0196179832159
35 35 -0.0130151859709
35 36 0.00631048322009
35 37 0.0285519655475
35 38 0.0152978835425
35 39 -0.0267924172296
35 40 0.00499173685464
35 41 -0.0242406482076
36 0 -0.436742645515
36 1 0.16933567685
36 2 -0.366773753555
36 3 0.0039221311761
36 4 0.44104326081
36 5 0.146039230896
36 6 0.0686093495044
36 7 -0.365700909117
36 8 -0.0517560832602
36 21 0.364211164834
36 22 -0.244678028543
36 23 0.272490605919
36 33 -0.0189874045866
36 34 -0.00853128106475
36 35 -0.0210717140225
36 36 -0.0158174175911
36 37 0.0265358221087
36 38 -0.00670253639774
36 39 -0.0120541995699
36 40 -0.0259799432665
36 41 -0.020010129377
37 0 -0.0680126140729
37 1 0.362520195535
37 2 0.0513059304909
37 3 0.146198708573
37 4 -0.544448862641
37 5 -0.186964698868
37 6 -0.276816886967
37 7 0.331800788031
37 8 0.582282791567
37 15 0.198630792467
37 16 -0.149872120925
37 17 -0.44662402319
37 33 -0.00819740361063
37 34 -0.00383699097442
37 35 0.0217046417164
37 36 -0.0108683224198
37 37 0.011619954058
37 38 0.0233209468762
37 39 -0.00255889616096
37 40 0.0458946365182
37 41 -0.00860241695787
38 0 -0.0680126140729
38 1 0.362520195535
38 2 0.0513059304909
38 3 0.0693381061481
38 4 -0.595418593025
38 5 0.0214386085058
38 6 0.0977715373653
38 7 0.580883591186
38 8 -0.433614025459
38 27 -0.0990970294406
38 28 -0.347985193695
38 29 0.360869486462
38 33 -0.0005082565466
38 34 -0.0211509922789
38 35 0.00817477251736
38 36 -0.00640531737942
38 37 -0.01588497259
38 38 0.021167759746
38 39 -0.0163139163227
38 40 0.0276659775092
38 41 0.0316674270933
39 0 -0.0680126140729
39 1 0.362520195535
39 2 0.0513059304909
39 3 0.0686384692397
39 4 -0.373916266923
39 5 -0.0491460605986
39 6 0.0982468622783
39 7 -0.485245149109
39 8 -0.0866622723654
39 30 -0.0988727174452
39 31 0.496641220497
39 32 0.0845024024732
39 33 -0.000253086582367
39 34 0.000598497770128
39 35 0.000435989847886
39 36 -0.000139057611791
39 37 0.000928036523081
39 38 4.38902414401e-05
39 39 0.000474845493512
39 40 0.000566035455153
39 41 -0.00136952700431
40 3 0.170053718861
40 4 0.391584724176
40 5 -0.552136433023
40 6 -0.272726531595
40 7 0.106048198754
40 8 0.645795856325
40 12 -0.0959579797328
40 13 -0.347760802005
40 14 0.352964599888
40 15 0.198630792467
40 16 -0.149872120925
40 17 -0.44662402319
40 33 -0.00779091329405
40 34 0.0172488728872
40 35 0.0138050329691
40 36 -0.00460272375052
40 37 0.0276352911073
40 38 0.00245920154546
40 39 0.0137097386234
40 40 0.0188191783914
40 41 -0.0403497015671
41 3 0.0931931164357
41 4 0.340614993791
41 5 -0.343733125649
41 6 0.101861892738
41 7 0.355131001909
41 8 -0.370100960701
41 12 -0.0959579797328
41 13 -0.347760802005
41 14 0.352964599888
41 27 -0.0990970294406
41 28 -0.347985193695
41 29 0.360869486462
41 33 -0.000101766230019
41 34 -6.51284172575e-05
41 35 0.000275163770133
41 36 -0.000139718710136
41 37 0.000130364459327
41 38 0.000306014415296
41 39 -4.52815383367e-05
41 40 0.000590519382394
41 41 -7.98575159422e-05
42 3 0.0924934795274
42 4 0.562117319894
42 5 -0.414317794753
42 6 0.102337217651
42 7 -0.710997738386
42 8 -0.0231492076073
42 12 -0.0959579797328
42 13 -0.347760802005
42 14 0.352964599888
42 30 -0.0988727174452
42 31 0.496641220497
42 32 0.0845024024732
42 33 0.000153403734214
42 34 0.0216843616317
42 35 -0.00746361889934
42 36 0.00612654105749
42 37 0.0169433735724
42 38 -0.0208178550893
42 39 0.0167434802779
42 40 -0.0265094226717
42 41 -0.0331168116136
43 3 -0.191134155354
43 4 0.185514564615
43 5 0.416281852583
43 6 -0.203308554777
43 7 0.145456877513
43 8 0.459736339034
43 15 0.198630792467
43 16 -0.149872120925
43 17 -0.44662402319
43 24 0.195811917664
43 25 -0.181099321203
43 26 -0.429394168426
43 33 -7.84433061607e-05
43 34 -0.00169686877045
43 35 0.000749809982946
43 36 -0.000558984528075
43 37 -0.0012070005982
43 38 0.00178874856147
43 39 -0.00130694565319
43 40 0.00240950675531
43 41 0.00247388848817
44 3 -0.267994757779
44 4 0.13454483423
44 5 0.624685159956
44 6 0.171279869556
44 7 0.394539680668
44 8 -0.556160477993
44 24 0.195811917664
44 25 -0.181099321203
44 26 -0.429394168426
44 27 -0.0990970294406
44 28 -0.347985193695
44 29 0.360869486462
44 33 0.00761070375787
44 34 -0.0190108700749
44 35 -0.012780059216
44 36 0.00390402051231
44 37 -0.0287119272462
44 38 -0.000364438568693
44 39 -0.015061965815
44 40 -0.0158191522537
44 41 0.0427437325393
45 3 -0.268694394688
45 4 0.356047160333
45 5 0.554100490852
45 6 0.171755194469
45 7 -0.671589059627
45 8 -0.209208724899
45 24 0.195811917664
45 25 -0.181099321203
45 26 -0.429394168426
45 30 -0.0988727174452
45 31 0.496641220497
45 32 0.0845024024732
45 33 0.0078658737221
45 34 0.00273861997411
45 35 -0.0205188418855
45 36 0.0101702802799
45 37 -0.0118989181331
45 38 -0.0214883080732
45 39 0.00172679600128
45 40 -0.0429190943078
45 41 0.00970677844172
