Dimensions
46	33

Coordinates (au):
R: 2.91838300064: 1 2: 0 0 0 0 0 0
R: 2.09198408496: 1 4: 0 0 0 0 0 0
R: 2.09476371939: 1 7: 0 0 0 0 0 0
R: 2.09283489318: 1 8: 0 0 0 0 0 0
R: 2.09696819101: 2 5: 0 0 0 0 0 0
R: 2.09486511011: 2 9: 0 0 0 0 0 0
R: 2.89300012568: 2 3: 0 0 0 1 0 0
R: 2.09389395958: 3 6: 0 0 0 0 0 0
R: 2.09412355062: 3 10: 0 0 0 0 0 0
R: 2.09370877686: 3 11: 0 0 0 0 0 0
A: 1.95713823509: 2 1 4: 0 0 0 0 0 0 0 0 0
A: 1.93408571908: 2 1 7: 0 0 0 0 0 0 0 0 0
A: 1.86437133609: 4 1 7: 0 0 0 0 0 0 0 0 0
A: 1.96024168106: 2 1 8: 0 0 0 0 0 0 0 0 0
A: 1.8750645603: 4 1 8: 0 0 0 0 0 0 0 0 0
A: 1.86778238799: 7 1 8: 0 0 0 0 0 0 0 0 0
A: 1.91874507821: 1 2 5: 0 0 0 0 0 0 0 0 0
A: 1.91495736474: 1 2 9: 0 0 0 0 0 0 0 0 0
A: 1.84191178877: 5 2 9: 0 0 0 0 0 0 0 0 0
A: 1.97316238429: 1 2 3: 0 0 0 0 0 0 1 0 0
A: 1.90441880969: 3 2 5: 1 0 0 0 0 0 0 0 0
A: 1.90598188475: 3 2 9: 1 0 0 0 0 0 0 0 0
A: 1.93581225087: 2 3 6: -1 0 0 0 0 0 0 0 0
A: 1.9348550019: 2 3 10: -1 0 0 0 0 0 0 0 0
A: 1.87852922422: 6 3 10: 0 0 0 0 0 0 0 0 0
A: 1.94628354813: 2 3 11: -1 0 0 0 0 0 0 0 0
A: 1.8812725381: 6 3 11: 0 0 0 0 0 0 0 0 0
A: 1.88450546976: 10 3 11: 0 0 0 0 0 0 0 0 0
T: -2.09520727153: 4 1 2 5: 0 0 0 0 0 0 0 0 0 0 0 0
T: -0.0770063243153: 4 1 2 9: 0 0 0 0 0 0 0 0 0 0 0 0
T: 2.05511151955: 4 1 2 3: 0 0 0 0 0 0 0 0 0 1 0 0
T: 2.10639920617: 7 1 2 5: 0 0 0 0 0 0 0 0 0 0 0 0
T: -2.1585851538: 7 1 2 9: 0 0 0 0 0 0 0 0 0 0 0 0
T: -0.0264673099325: 7 1 2 3: 0 0 0 0 0 0 0 0 0 1 0 0
T: 0.0184184597361: 8 1 2 5: 0 0 0 0 0 0 0 0 0 0 0 0
T: 2.03661940695: 8 1 2 9: 0 0 0 0 0 0 0 0 0 0 0 0
T: -2.11444805637: 8 1 2 3: 0 0 0 0 0 0 0 0 0 1 0 0
T: 1.07392539811: 1 2 3 6: 0 0 0 0 0 0 1 0 0 1 0 0
T: -1.01196517415: 1 2 3 10: 0 0 0 0 0 0 1 0 0 1 0 0
T: -3.11233640162: 1 2 3 11: 0 0 0 0 0 0 1 0 0 1 0 0
T: -1.06693636207: 5 2 3 6: 0 0 0 0 0 0 1 0 0 1 0 0
T: 3.13035837285: 5 2 3 10: 0 0 0 0 0 0 1 0 0 1 0 0
T: 1.02998714539: 5 2 3 11: 0 0 0 0 0 0 1 0 0 1 0 0
T: -3.07212595281: 9 2 3 6: 0 0 0 0 0 0 1 0 0 1 0 0
T: 1.12516878211: 9 2 3 10: 0 0 0 0 0 0 1 0 0 1 0 0
T: -0.975202445355: 9 2 3 11: 0 0 0 0 0 0 1 0 0 1 0 0

Bmatrix(ij):
1	1	-15.2938414189
1	2	8.17119620445
1	3	13.368215051
1	4	15.2938414189
1	5	-8.17119620445
1	6	-13.368215051
2	1	0.246117433631
2	2	-25.5904620355
2	3	-1.3335184183
2	10	-0.246117433631
2	11	25.5904620355
2	12	1.3335184183
3	1	-6.08488917065
3	2	9.12462651228
3	3	-15.2673184416
3	19	6.08488917065
3	20	-9.12462651228
3	21	15.2673184416
4	1	22.4869939676
4	2	7.61478821678
4	3	1.45531104888
4	22	-22.4869939676
4	23	-7.61478821678
4	24	-1.45531104888
5	4	11.8002169376
5	5	13.3043076103
5	6	11.3480860176
5	13	-11.8002169376
5	14	-13.3043076103
5	15	-11.3480860176
6	4	-9.48523643377
6	5	-20.1348186955
6	6	9.03502555824
6	25	9.48523643377
6	26	20.1348186955
6	27	-9.03502555824
7	4	-17.6591448062
7	5	14.5333293589
7	6	-5.15604037096
7	7	17.6591448062
7	8	-14.5333293589
7	9	5.15604037096
8	7	8.75626450296
8	8	21.2164195285
8	9	-8.11797334152
8	16	-8.75626450296
8	17	-21.2164195285
8	18	8.11797334152
9	7	-12.3950792812
9	8	-12.7836670037
9	9	-11.2488752293
9	28	12.3950792812
9	29	12.7836670037
9	30	11.2488752293
10	7	-15.3085556948
10	8	7.26516649563
10	9	13.6214970645
10	31	15.3085556948
10	32	-7.26516649563
10	33	-13.6214970645
11	1	9.88527176869
11	2	9.08678437324
11	3	-8.0094450067
11	4	-2.0407211711
11	5	-8.32749048468
11	6	1.37006106784
11	10	-7.84455059759
11	11	-0.759293888557
11	12	6.63938393886
12	1	13.137929862
12	2	-10.2384371091
12	3	-0.20127581496
12	4	-4.22285687606
12	5	4.40933644937
12	6	-3.85530172374
12	19	-8.91507298592
12	20	5.8291006597
12	21	4.0565775387
13	1	3.75852177238
13	2	10.5869754946
13	3	10.6852980699
13	10	-3.00311117307
13	11	0.858614452059
13	12	-7.81691226475
13	19	-0.755410599311
13	20	-11.4455899466
13	21	-2.86838580517
14	1	-2.68873189263
14	2	-9.68320207464
14	3	-9.60899907375
14	4	6.17822300059
14	5	3.96954451107
14	6	2.41898015371
14	22	-3.48949110796
14	23	5.71365756357
14	24	7.19001892004
15	1	-14.8009031224
15	2	11.6998434295
15	3	-0.0794862602925
15	10	11.3035833958
15	11	-0.0260479336612
15	12	0.52898431494
15	22	3.49731972653
15	23	-11.6737954958
15	24	-0.449498054647
16	1	-10.5850332441
16	2	-10.807705768
16	3	8.9201608328
16	19	10.337336671
16	20	5.1346490799
16	21	-1.50395330498
16	22	0.247696573038
16	23	5.67305668813
16	24	-7.41620752782
17	1	6.20192605881
17	2	3.83385727684
17	3	2.47491607147
17	4	-16.0012006027
17	5	-1.98999097554
17	6	2.34364498444
17	13	9.79927454389
17	14	-1.8438663013
17	15	-4.81856105591
18	1	-1.57429924306
18	2	-8.33265037271
18	3	1.64692070636
18	4	-4.55822326501
18	5	15.9212280549
18	6	3.5861574694
18	25	6.13252250808
18	26	-7.58857768222
18	27	-5.23307817576
19	4	-1.4572779712
19	5	4.28229212243
19	6	-12.7974762235
19	13	-3.13064353851
19	14	-8.20237218735
19	15	5.97618469569
19	25	4.58792150971
19	26	3.92008006492
19	27	6.8212915278
20	1	-4.34591152058
20	2	4.22055840026
20	3	-3.86956376268
20	4	1.19838398345
20	5	-3.28891478957
20	6	9.65001221373
20	7	3.14752753713
20	8	-0.931643610689
20	9	-5.78044845104
21	4	4.76104475079
21	5	-16.1421830452
21	6	-2.80708799991
21	7	2.20136921273
21	8	6.60822910942
21	9	3.53381929588
21	13	-6.96241396352
21	14	9.53395393573
21	15	-0.726731295964
22	4	16.1018098789
22	5	1.62165101238
22	6	-1.58230203795
22	7	-5.59813277904
22	8	-5.6201122367
22	9	2.68629864943
22	25	-10.5036770999
22	26	3.99846122431
22	27	-1.10399661148
23	4	5.57279668624
23	5	5.93121656867
23	6	-2.32291409312
23	7	-16.1992846526
23	8	-2.37292089415
23	9	1.16837463311
23	16	10.6264879664
23	17	-3.55829567453
23	18	1.15453946001
24	4	-2.2590852265
24	5	-6.64297056838
24	6	-3.481910225
24	7	-4.50968762906
24	8	16.3958794753
24	9	2.89390315129
24	28	6.76877285556
24	29	-9.75290890689
24	30	0.588007073711
25	7	2.37609024379
25	8	-5.5048683221
25	9	12.6441593087
25	16	-4.88232417298
25	17	-3.1857418115
25	18	-6.86925775046
25	28	2.50623392919
25	29	8.6906101336
25	30	-5.77490155825
26	4	-3.28169456415
26	5	0.719101097922
26	6	5.76358320685
26	7	-2.9021364578
26	8	5.37432368572
26	9	-10.9752049505
26	31	6.18383102195
26	32	-6.09342478364
26	33	5.21162174368
27	7	4.29020754931
27	8	-18.6505572027
27	9	-3.6034883461
27	16	-6.33640815778
27	17	6.89495937374
27	18	5.58805471544
27	31	2.04620060847
27	32	11.755597829
27	33	-1.98456636934
28	7	18.2015557229
28	8	3.62641739769
28	9	-1.55798894842
28	28	-9.60557165212
28	29	1.66686793359
28	30	5.09569391108
28	31	-8.59598407077
28	32	-5.29328533128
28	33	-3.53770496266
29	1	11.0008247246
29	2	1.94306209639
29	3	5.89157676156
29	4	-0.167499236715
29	5	-13.4863034892
29	6	4.070395928
29	10	-9.01257997053
29	11	0.584139327544
29	12	-5.49946659599
29	13	-1.82074551735
29	14	10.9591020652
29	15	-4.46250609357
30	1	13.6417495655
30	2	-0.650905959675
30	3	8.25206705247
30	4	-13.69140657
30	5	-0.309007996787
30	6	-7.98461839663
30	10	-9.01257997053
30	11	0.584139327544
30	12	-5.49946659599
30	25	9.06223697502
30	26	0.375774628918
30	27	5.23201794015
31	1	9.49247871405
31	2	-3.80152796832
31	3	6.77732998685
31	4	4.55481513937
31	5	11.0991116232
31	6	-0.74317627671
31	7	-5.03471388288
31	8	-7.88172298246
31	9	-0.534687114151
31	10	-9.01257997053
31	11	0.584139327544
31	12	-5.49946659599
32	1	-9.24873119162
32	2	-10.5496177745
32	3	-2.19686865102
32	4	4.05577484303
32	5	-10.9544375635
32	6	5.78009334803
32	13	-1.82074551735
32	14	10.9591020652
32	15	-4.46250609357
32	19	7.01370186594
32	20	10.5449532727
32	21	0.879281396561
33	1	-6.60780635071
33	2	-13.1435858305
33	3	0.163621639887
33	4	-9.46813249026
33	5	2.22285792887
33	6	-6.2749209766
33	19	7.01370186594
33	20	10.5449532727
33	21	0.879281396561
33	25	9.06223697502
33	26	0.375774628918
33	27	5.23201794015
34	1	-10.7570772022
34	2	-16.2942078392
34	3	-1.31111542573
34	4	8.77808921911
34	5	13.6309775489
34	6	0.966521143322
34	7	-5.03471388288
34	8	-7.88172298246
34	9	-0.534687114151
34	19	7.01370186594
34	20	10.5449532727
34	21	0.879281396561
35	1	-3.02331372135
35	2	16.7435001495
35	3	-6.96044426616
35	4	2.81836937559
35	5	-16.6526803809
35	6	6.81141726987
35	13	-1.82074551735
35	14	10.9591020652
35	15	-4.46250609357
35	22	2.02568986311
35	23	-11.0499218338
35	24	4.61153308986
36	1	-0.38238888043
36	2	14.1495320934
36	3	-4.59995397525
36	4	-10.7055379577
36	5	-3.47538488854
36	6	-5.24359705475
36	22	2.02568986311
36	23	-11.0499218338
36	24	4.61153308986
36	25	9.06223697502
36	26	0.375774628918
36	27	5.23201794015
37	1	-4.5316597319
37	2	10.9989100848
37	3	-6.07469104087
37	4	7.54068375167
37	5	7.93273473149
37	6	1.99784506516
37	7	-5.03471388288
37	8	-7.88172298246
37	9	-0.534687114151
37	22	2.02568986311
37	23	-11.0499218338
37	24	4.61153308986
38	1	4.9909240469
38	2	7.81317105186
38	3	0.530036629222
38	4	-6.74901552813
38	5	-12.5336496517
38	6	-2.77087066493
38	7	0.931793761153
38	8	11.044995561
38	9	10.1036081031
38	16	0.826297720072
38	17	-6.3245169612
38	18	-7.86277406738
39	1	4.9909240469
39	2	7.81317105186
39	3	0.530036629222
39	4	-8.91531473843
39	5	-12.0637913901
39	6	1.02872026539
39	7	11.5009478719
39	8	8.76736457931
39	9	-8.41880668638
39	28	-7.57655718039
39	29	-4.51674424109
39	30	6.86004979177
40	1	4.9909240469
40	2	7.81317105186
40	3	0.530036629222
40	4	-5.17344339631
40	5	-8.03134112788
40	6	-0.478912270804
40	7	-6.55833388507
40	8	-10.5890254031
40	9	-1.03266514695
40	31	6.74085323448
40	32	10.8071954791
40	33	0.981540788531
41	4	9.51790430632
41	5	4.02027619493
41	6	-10.3437761402
41	7	-2.82464399914
41	8	6.87387924883
41	9	11.488774634
41	13	-7.51955802725
41	14	-4.56963848256
41	15	6.71777557358
41	16	0.826297720072
41	17	-6.3245169612
41	18	-7.86277406738
42	4	7.35160509602
42	5	4.49013445656
42	6	-6.54418520989
42	7	7.74451011162
42	8	4.5962482671
42	9	-7.03364015546
42	13	-7.51955802725
42	14	-4.56963848256
42	15	6.71777557358
42	28	-7.57655718039
42	29	-4.51674424109
42	30	6.86004979177
43	4	11.0934764381
43	5	8.52258471876
43	6	-8.05181774608
43	7	-10.3147716454
43	8	-14.7601417153
43	9	0.352501383965
43	13	-7.51955802725
43	14	-4.56963848256
43	15	6.71777557358
43	31	6.74085323448
43	32	10.8071954791
43	33	0.981540788531
44	4	-0.0952337373148
44	5	6.83529817065
44	6	7.27907675748
44	7	-0.980393938788
44	8	6.32928100845
44	9	8.10314261407
44	16	0.826297720072
44	17	-6.3245169612
44	18	-7.86277406738
44	25	0.249329956031
44	26	-6.8400622179
44	27	-7.51944530417
45	4	-2.26153294762
45	5	7.30515643228
45	6	11.0786676878
45	7	9.58876017197
45	8	4.05165002671
45	9	-10.4192721754
45	25	0.249329956031
45	26	-6.8400622179
45	27	-7.51944530417
45	28	-7.57655718039
45	29	-4.51674424109
45	30	6.86004979177
46	4	1.4803383945
46	5	11.3376066945
46	6	9.57103515161
46	7	-8.47052158502
46	8	-15.3047399557
46	9	-3.03313063597
46	25	0.249329956031
46	26	-6.8400622179
46	27	-7.51944530417
46	31	6.74085323448
46	32	10.8071954791
46	33	0.981540788531
